1031140428
1031140428
1032175571
1032175571
1034029897
1034029897
1034392097
1034392097
1035274115
1035274115
1036528774
1036528774
1036804920
1036804920
1038723261
1038723261
1038969791
1038969791
1043369039
1043369039
1046280124
1046280124
1047247110
1047247110
1047336301
1047336301
1051251230
1051251230
1051514452
1051514452
1051717208
1051717208
1052010930
1052010930
1054084392
1054084392
1056500407
1056500407
1056511073
1056511073
1057713548
1057713548
1057762868
1057762868
1058058776
1058058776
1060170827
1060170827
1062851292
1062851292
1067298349
1067298349
1068536473
1068536473
1068744102
1068744102
1073464960
1073464960
1073537105
1073537105
1075336054
1075336054
1075990962
1075990962
1079644892
1079644892
1080433976
1080433976
1080716731
1080716731
1083153403
1083153403
1083159090
1083159090
1086194980
1086194980
1087948985
1087948985
1091931646
1091931646
1092097683
1092097683
1095141663
1095141663
1098575601
1098575601
1098630221
1098630221
1100037856
1100037856
1101318786
1101318786
1102766729
1102766729
1103192658
1103192658
1103907475
1103907475
1104102966
1104102966
1104361635
1104361635
1106731668
1106731668
1107456064
1107456064
1108180909
1108180909
1108952286
1108952286
1110435908
1110435908
1110507481
1110507481
1114275219
1114275219
1115169058
1115169058
1117637697
1117637697
1118294051
1118294051
1124004864
1124004864
1125836324
1125836324
1126422599
1126422599
1129225193
1129225193
1129976731
1129976731
1136067417
1136067417
1139643629
1139643629
1140262826
1140262826
1143643132
1143643132
1143728353
1143728353
1144558480
1144558480
1144639655
1144639655
1150096503
1150096503
1151954888
1151954888
1152110039
1152110039
1152928207
1152928207
1153563526
1153563526
1153763488
1153763488
1160612546
1160612546
1164128861
1164128861
1166164330
1166164330
1166301418
1166301418
1167419027
1167419027
1171299156
1171299156
1174415370
1174415370
1178363004
1178363004
1179181940
1179181940
1179199735
1179199735
1180219248
1180219248
1180859494
1180859494
1181714771
1181714771
1185934235
1185934235
1186349545
1186349545
1187476024
1187476024
1189789884
1189789884
1189793187
1189793187
1191136402
1191136402
1194275414
1194275414
1200483813
1200483813
1206981005
1206981005
1210872390
1210872390
1211123252
1211123252
1218405981
1218405981
1223646990
1223646990
1227879629
1227879629
1229637877
1229637877
1230223177
1230223177
1230412753
1230412753
1231443881
1231443881
1232622142
1232622142
1233617570
1233617570
1238263163
1238263163
1241074386
1241074386
1244971261
1244971261
1250618522
1250618522
1250697882
1250697882
1251682612
1251682612
1252749405
1252749405
1254042093
1254042093
1254247909
1254247909
1255088204
1255088204
1256253035
1256253035
1256500805
1256500805
1259874743
1259874743
1261868678
1261868678
1262283208
1262283208
1263609368
1263609368
1271008079
1271008079
1271901858
1271901858
1272903373
1272903373
1273173365
1273173365
1283680948
1283680948
1284949836
1284949836
1285479943
1285479943
1286707991
1286707991
1288955003
1288955003
1289541127
1289541127
1289641119
1289641119
1292054816
1292054816
1292848020
1292848020
1296977069
1296977069
1305092526
1305092526
1305359887
1305359887
1307475697
1307475697
1312033157
1312033157
1314793942
1314793942
1318108463
1318108463
1319697372
1319697372
1319710320
1319710320
1320244144
1320244144
1321454253
1321454253
1327820960
1327820960
1327980681
1327980681
1330868414
1330868414
1343449798
1343449798
1347140092
1347140092
1349179687
1349179687
1351831320
1351831320
1356645729
1356645729
1366391500
1366391500
1366838297
1366838297
1368068304
1368068304
1370510105
1370510105
1371057592
1371057592
1372978482
1372978482
1373908874
1373908874
1376824461
1376824461
1379524216
1379524216
1380216781
1380216781
1380632915
1380632915
1381149486
1381149486
1382304477
1382304477
1385408833
1385408833
1385423145
1385423145
1385987776
1385987776
1387442564
1387442564
1388564026
1388564026
1392087895
1392087895
1399058048
1399058048
1399310959
1399310959
1413721185
1413721185
1416746803
1416746803
1419991183
1419991183
1420743694
1420743694
1425199205
1425199205
1433866448
1433866448
1436065647
1436065647
1436551108
1436551108
1441721544
1441721544
1442439335
1442439335
1444877942
1444877942
1444909410
1444909410
1452273541
1452273541
1453970157
1453970157
1459384041
1459384041
1459408552
1459408552
1459706472
1459706472
1461431070
1461431070
1467983720
1467983720
1469421252
1469421252
1479522360
1479522360
1480746801
1480746801
1483333875
1483333875
1484094062
1484094062
1486026457
1486026457
1486033932
1486033932
1486528253
1486528253
1488758362
1488758362
1491064258
1491064258
1496342829
1496342829
1501454935
1501454935
1503902791
1503902791
1507634539
1507634539
1508383885
1508383885
1508501201
1508501201
1510275200
1510275200
1510496268
1510496268
1511754692
1511754692
1514586048
1514586048
1516761060
1516761060
1519357300
1519357300
1519485434
1519485434
1526192241
1526192241
1526449439
1526449439
1527971266
1527971266
1529744747
1529744747
1536045739
1536045739
1536677947
1536677947
1541341707
1541341707
1545212226
1545212226
1547823241
1547823241
1550005712
1550005712
1551497665
1551497665
1555861312
1555861312
1556190177
1556190177
1556571396
1556571396
1557968099
1557968099
1559615482
1559615482
1560535399
1560535399
1562108216
1562108216
1562448820
1562448820
1563153944
1563153944
1563486670
1563486670
1566603657
1566603657
1567854496
1567854496
1568934594
1568934594
1573433146
1573433146
1577411480
1577411480
1578808059
1578808059
1580129299
1580129299
1589659563
1589659563
1590152388
1590152388
1590530690
1590530690
1591513962
1591513962
1591714741
1591714741
1592735086
1592735086
1594354713
1594354713
1594443990
1594443990
1595900395
1595900395
1596559929
1596559929
1601724860
1601724860
1604244077
1604244077
1604615633
1604615633
1604836178
1604836178
1605710937
1605710937
1606742447
1606742447
1612116933
1612116933
1612215757
1612215757
1619231335
1619231335
1622552718
1622552718
1624642767
1624642767
1626394555
1626394555
1631475070
1631475070
1635373327
1635373327
1638608726
1638608726
1644141815
1644141815
1644667387
1644667387
1644911264
1644911264
1651050111
1651050111
1651238091
1651238091
1651253876
1651253876
1654456805
1654456805
1655333199
1655333199
1658200871
1658200871
1660170384
1660170384
1663751671
1663751671
1664582096
1664582096
1665172611
1665172611
1667021870
1667021870
1670800186
1670800186
1673620245
1673620245
1676828065
1676828065
1678230521
1678230521
1679713549
1679713549
1682916850
1682916850
1684370258
1684370258
1686764765
1686764765
1688105234
1688105234
1688245635
1688245635
1689823893
1689823893
1691026054
1691026054
1691800118
1691800118
1692003459
1692003459
1693039465
1693039465
1699540094
1699540094
1707912410
1707912410
1717142789
1717142789
1718143380
1718143380
1718249320
1718249320
1720813939
1720813939
1721727490
1721727490
1723164809
1723164809
1725145619
1725145619
1725243515
1725243515
1727436405
1727436405
1733110688
1733110688
1734892075
1734892075
1735152326
1735152326
1736808107
1736808107
1736825355
1736825355
1737703058
1737703058
1739684080
1739684080
1741487201
1741487201
1742502209
1742502209
1744264131
1744264131
1746697870
1746697870
1748593623
1748593623
1749824451
1749824451
1753974529
1753974529
1756029519
1756029519
1759681356
1759681356
1760036828
1760036828
1765079917
1765079917
1765150942
1765150942
1767122106
1767122106
1768540094
1768540094
1769179776
1769179776
1770600252
1770600252
1773854011
1773854011
1774077870
1774077870
1775313416
1775313416
1776461571
1776461571
1776799661
1776799661
1777063340
1777063340
1777411314
1777411314
1778091493
1778091493
1778786246
1778786246
1788932131
1788932131
1790717798
1790717798
1790864071
1790864071
1791917869
1791917869
1792593950
1792593950
1795078005
1795078005
1801584205
1801584205
1802955681
1802955681
1804009077
1804009077
1808892633
1808892633
1821630389
1821630389
1823789463
1823789463
1824395069
1824395069
1826324928
1826324928
1827701234
1827701234
1828365224
1828365224
1829020659
1829020659
1831899695
1831899695
1834679669
1834679669
1837860264
1837860264
1841331340
1841331340
1842707777
1842707777
1843181696
1843181696
1844225601
1844225601
1847535169
1847535169
1853153846
1853153846
1853191775
1853191775
1855115751
1855115751
1855792008
1855792008
1860044467
1860044467
1860253195
1860253195
1861826477
1861826477
1867606426
1867606426
1868225105
1868225105
1874888939
1874888939
1876422087
1876422087
1876483439
1876483439
1878556486
1878556486
1879371944
1879371944
1882578257
1882578257
1882753413
1882753413
1886006770
1886006770
1889691511
1889691511
1893640228
1893640228
1895751794
1895751794
1895969202
1895969202
1896219789
1896219789
1896655184
1896655184
1904373433
1904373433
1905269546
1905269546
1909865289
1909865289
1911608553
1911608553
1916006512
1916006512
1917061382
1917061382
1918737903
1918737903
1920693390
1920693390
1924288104
1924288104
1928110004
1928110004
1932399098
1932399098
1941152836
1941152836
1942498875
1942498875
1945168837
1945168837
1952236162
1952236162
1953174893
1953174893
1953246176
1953246176
1953563311
1953563311
1955606331
1955606331
1955621027
1955621027
1957552970
1957552970
1960054723
1960054723
1964508200
1964508200
1965195185
1965195185
1966344454
1966344454
1972367839
1972367839
1972723378
1972723378
1973434156
1973434156
1977016357
1977016357
1977929734
1977929734
1980658273
1980658273
1981324701
1981324701
1986020654
1986020654
1986049917
1986049917
1989191123
1989191123
1992262056
1992262056
1994211503
1994211503
1994974349
1994974349
1996230430
1996230430
2000890476
2000890476
2001247827
2001247827
2001589970
2001589970
2009528471
2009528471
2011471398
2011471398
2011607234
2011607234
2011899840
2011899840
2012219139
2012219139
2015894611
2015894611
2018472339
2018472339
2022704179
2022704179
2024132972
2024132972
2024277739
2024277739
2024942247
2024942247
2025229208
2025229208
2025648170
2025648170
2029127365
2029127365
2029254626
2029254626
2031991430
2031991430
2035305309
2035305309
2038934842
2038934842
2040386633
2040386633
2042491573
2042491573
2043068667
2043068667
2043407476
2043407476
2046306282
2046306282
2047307708
2047307708
2051819099
2051819099
2055623007
2055623007
2056051721
2056051721
2056855417
2056855417
2059278882
2059278882
2060692831
2060692831
2062103798
2062103798
2064394499
2064394499
2064900669
2064900669
2065375448
2065375448
2067497875
2067497875
2069872051
2069872051
2073064204
2073064204
2073872130
2073872130
2074898132
2074898132
2075261104
2075261104
2078051191
2078051191
2078684569
2078684569
2081559640
2081559640
2085698254
2085698254
2088798034
2088798034
2090465273
2090465273
2092247464
2092247464
2098969157
2098969157
2099190609
2099190609
2113964573
2113964573
2119127890
2119127890
2122758997
2122758997
2122900612
2122900612
2123283971
2123283971
2133025700
2133025700
2133500077
2133500077
2134136187
2134136187
2136617092
2136617092
2138973908
2138973908
2139450556
2139450556
2140952462
2140952462
2146366734
2146366734
