1063525671
1063525671
1066614208
1066614208
1070002712
1070002712
1073946518
1073946518
1073981049
1073981049
1078288440
1078288440
1079531389
1079531389
1082234536
1082234536
1084208076
1084208076
1095763646
1095763646
1095979179
1095979179
1096609315
1096609315
1097250994
1097250994
1097490967
1097490967
1098490106
1098490106
1101611647
1101611647
1101863068
1101863068
1106554925
1106554925
1107187702
1107187702
1107915405
1107915405
1109490527
1109490527
1111403674
1111403674
1111483776
1111483776
1113445004
1113445004
1113957204
1113957204
1115191951
1115191951
1117590010
1117590010
1121704763
1121704763
1127282632
1127282632
1128094634
1128094634
1130682558
1130682558
1133657768
1133657768
1134811909
1134811909
1135087235
1135087235
1138551752
1138551752
1140079406
1140079406
1141126856
1141126856
1141458441
1141458441
1142494906
1142494906
1144454097
1144454097
1150111441
1150111441
1150445291
1150445291
1153818252
1153818252
1154012911
1154012911
1157286491
1157286491
1158872065
1158872065
1163305235
1163305235
1167357218
1167357218
1167365770
1167365770
1167520533
1167520533
1168036811
1168036811
1168350996
1168350996
1170135150
1170135150
1170515031
1170515031
1172667031
1172667031
1178464775
1178464775
1180958536
1180958536
1186164798
1186164798
1186885577
1186885577
1189978558
1189978558
1190969192
1190969192
1191431797
1191431797
1202829311
1202829311
1204590939
1204590939
1206481913
1206481913
1206517173
1206517173
1210127244
1210127244
1210279183
1210279183
1210810992
1210810992
1211604734
1211604734
1214038075
1214038075
1216327633
1216327633
1216330441
1216330441
1216477240
1216477240
1219784611
1219784611
1220387580
1220387580
1220885788
1220885788
1224965399
1224965399
1229181605
1229181605
1229877987
1229877987
1231672678
1231672678
1231767151
1231767151
1232684560
1232684560
1237245215
1237245215
1238312002
1238312002
1238495578
1238495578
1238799390
1238799390
1239730972
1239730972
1243393979
1243393979
1247753758
1247753758
1247987266
1247987266
1250013863
1250013863
1250648723
1250648723
1252601002
1252601002
1255207324
1255207324
1256672706
1256672706
1257063596
1257063596
1257440139
1257440139
1260305487
1260305487
1260423911
1260423911
1262961346
1262961346
1263560720
1263560720
1268195562
1268195562
1272513891
1272513891
1272943168
1272943168
1273915347
1273915347
1274478025
1274478025
1274993212
1274993212
1277883007
1277883007
1280233746
1280233746
1281566940
1281566940
1283921244
1283921244
1292487787
1292487787
1293246900
1293246900
1296474509
1296474509
1297201084
1297201084
1297626933
1297626933
1297975492
1297975492
1298907090
1298907090
1302093982
1302093982
1302213744
1302213744
1303164227
1303164227
1304503175
1304503175
1306840667
1306840667
1309804161
1309804161
1311960398
1311960398
1313513824
1313513824
1314274037
1314274037
1314970385
1314970385
1315132875
1315132875
1315753851
1315753851
1315881913
1315881913
1316956898
1316956898
1319886031
1319886031
1320147003
1320147003
1323343503
1323343503
1324985597
1324985597
1327221118
1327221118
1327652551
1327652551
1329637511
1329637511
1331179025
1331179025
1333155783
1333155783
1333864470
1333864470
1335847189
1335847189
1337077045
1337077045
1341628697
1341628697
1344491928
1344491928
1346674168
1346674168
1347661478
1347661478
1351325329
1351325329
1356163776
1356163776
1357968173
1357968173
1359373447
1359373447
1360737729
1360737729
1363679682
1363679682
1374180260
1374180260
1376351151
1376351151
1380747865
1380747865
1384465303
1384465303
1385097529
1385097529
1385591494
1385591494
1386011736
1386011736
1387709625
1387709625
1388006470
1388006470
1391792092
1391792092
1391808306
1391808306
1393288759
1393288759
1395656872
1395656872
1396150218
1396150218
1398521283
1398521283
1402807155
1402807155
1407192550
1407192550
1407316024
1407316024
1407423190
1407423190
1413225495
1413225495
1417491548
1417491548
1420747211
1420747211
1421869693
1421869693
1425016641
1425016641
1426818898
1426818898
1427679822
1427679822
1428562451
1428562451
1440268230
1440268230
1444319151
1444319151
1446775029
1446775029
1450787941
1450787941
1452341942
1452341942
1453879438
1453879438
1458363746
1458363746
1459398927
1459398927
1463353339
1463353339
1463717611
1463717611
1468051629
1468051629
1468374633
1468374633
1469269316
1469269316
1470370449
1470370449
1470561422
1470561422
1470654503
1470654503
1471238292
1471238292
1479558941
1479558941
1480910412
1480910412
1487703072
1487703072
1489854854
1489854854
1490361512
1490361512
1491194733
1491194733
1492787780
1492787780
1495471655
1495471655
1496202084
1496202084
1498538052
1498538052
1507604543
1507604543
1508621766
1508621766
1510622143
1510622143
1511652497
1511652497
1513618995
1513618995
1515031558
1515031558
1519787099
1519787099
1520342503
1520342503
1523957488
1523957488
1528050985
1528050985
1528084595
1528084595
1528169219
1528169219
1533263122
1533263122
1533816032
1533816032
1535605839
1535605839
1537741005
1537741005
1538248487
1538248487
1539720550
1539720550
1545922649
1545922649
1546523310
1546523310
1550246645
1550246645
1552330570
1552330570
1554602540
1554602540
1554944726
1554944726
1555121585
1555121585
1555349523
1555349523
1556267857
1556267857
1556415682
1556415682
1556652908
1556652908
1557960188
1557960188
1561147189
1561147189
1561335231
1561335231
1562158289
1562158289
1562708842
1562708842
1563640611
1563640611
1564007233
1564007233
1573170158
1573170158
1576204660
1576204660
1578907879
1578907879
1582893564
1582893564
1586846460
1586846460
1590587781
1590587781
1592963682
1592963682
1593253614
1593253614
1595388715
1595388715
1596573949
1596573949
1596681413
1596681413
1598732843
1598732843
1600822162
1600822162
1601330933
1601330933
1605187818
1605187818
1606141496
1606141496
1607162672
1607162672
1610190062
1610190062
1612212261
1612212261
1617839000
1617839000
1619665402
1619665402
1625626273
1625626273
1626915540
1626915540
1630056953
1630056953
1632991550
1632991550
1633039424
1633039424
1635063813
1635063813
1637424770
1637424770
1639128665
1639128665
1641391425
1641391425
1644154013
1644154013
1647071772
1647071772
1648547239
1648547239
1649265747
1649265747
1649694745
1649694745
1649962033
1649962033
1650903994
1650903994
1651061706
1651061706
1651467204
1651467204
1652061790
1652061790
1654977629
1654977629
1656586973
1656586973
1663067751
1663067751
1665152409
1665152409
1669665371
1669665371
1674667012
1674667012
1677701755
1677701755
1681581477
1681581477
1686347320
1686347320
1688680849
1688680849
1689589001
1689589001
1690189769
1690189769
1693430575
1693430575
1694402620
1694402620
1699851478
1699851478
1702575236
1702575236
1703274632
1703274632
1704717910
1704717910
1710236378
1710236378
1710287993
1710287993
1710878730
1710878730
1711501186
1711501186
1711911311
1711911311
1712106800
1712106800
1714203653
1714203653
1720731852
1720731852
1721865463
1721865463
1724570859
1724570859
1724776698
1724776698
1725172358
1725172358
1727180007
1727180007
1732780065
1732780065
1733086123
1733086123
1734522413
1734522413
1735896612
1735896612
1736029486
1736029486
1737409164
1737409164
1738876658
1738876658
1745047466
1745047466
1745606136
1745606136
1748357370
1748357370
1757824559
1757824559
1758614338
1758614338
1758854130
1758854130
1761378771
1761378771
1763743181
1763743181
1763847743
1763847743
1765756943
1765756943
1765995062
1765995062
1766520204
1766520204
1766551455
1766551455
1767932679
1767932679
1769036543
1769036543
1769352243
1769352243
1770596862
1770596862
1777982179
1777982179
1778593013
1778593013
1781865464
1781865464
1783235760
1783235760
1787653836
1787653836
1791322433
1791322433
1791868182
1791868182
1794874313
1794874313
1799308999
1799308999
1801874989
1801874989
1806990474
1806990474
1809202413
1809202413
1810652650
1810652650
1812147578
1812147578
1813128952
1813128952
1817834028
1817834028
1819674508
1819674508
1821662158
1821662158
1825523527
1825523527
1826987021
1826987021
1827019529
1827019529
1829065787
1829065787
1831377355
1831377355
1831949205
1831949205
1836199358
1836199358
1837053673
1837053673
1838522281
1838522281
1839522111
1839522111
1842116513
1842116513
1842154665
1842154665
1843378150
1843378150
1846918670
1846918670
1848707253
1848707253
1851180774
1851180774
1851189099
1851189099
1857274512
1857274512
1859444109
1859444109
1861162944
1861162944
1863254664
1863254664
1865631700
1865631700
1867041966
1867041966
1867485870
1867485870
1869950922
1869950922
1871902886
1871902886
1873409940
1873409940
1875052970
1875052970
1875635071
1875635071
1877191225
1877191225
1880221158
1880221158
1880248934
1880248934
1886829201
1886829201
1891069837
1891069837
1893313787
1893313787
1895161850
1895161850
1899028682
1899028682
1900516004
1900516004
1900620040
1900620040
1900633261
1900633261
1912661764
1912661764
1916940629
1916940629
1917242101
1917242101
1917909582
1917909582
1925003057
1925003057
1926751836
1926751836
1929956593
1929956593
1931289468
1931289468
1931453830
1931453830
1934985169
1934985169
1937228698
1937228698
1937297380
1937297380
1940437365
1940437365
1940818122
1940818122
1942541670
1942541670
1942903268
1942903268
1944396258
1944396258
1944441789
1944441789
1945826096
1945826096
1946289904
1946289904
1947549939
1947549939
1947692055
1947692055
1954732092
1954732092
1959223206
1959223206
1960047352
1960047352
1962870441
1962870441
1966862473
1966862473
1968760842
1968760842
1969577998
1969577998
1972049151
1972049151
1972733303
1972733303
1973506193
1973506193
1977511454
1977511454
1980461676
1980461676
1980974912
1980974912
1985624816
1985624816
1988702321
1988702321
1992359918
1992359918
1993887848
1993887848
1997429429
1997429429
2003806165
2003806165
2008371330
2008371330
2009002106
2009002106
2013632075
2013632075
2018415678
2018415678
2019224551
2019224551
2020069600
2020069600
2020484043
2020484043
2020968617
2020968617
2023264930
2023264930
2024438074
2024438074
2030505503
2030505503
2036644623
2036644623
2037696755
2037696755
2038516584
2038516584
2038592629
2038592629
2040147372
2040147372
2043770943
2043770943
2044102345
2044102345
2049881480
2049881480
2051346475
2051346475
2055826616
2055826616
2059602262
2059602262
2060100724
2060100724
2061953573
2061953573
2062618946
2062618946
2065905260
2065905260
2067397926
2067397926
2067757485
2067757485
2067973215
2067973215
2073019978
2073019978
2076306999
2076306999
2076859297
2076859297
2079895639
2079895639
2081082919
2081082919
2083847151
2083847151
2084585031
2084585031
2087091925
2087091925
2089302089
2089302089
2092282940
2092282940
2095850251
2095850251
2103946031
2103946031
2104205915
2104205915
2109930701
2109930701
2113216696
2113216696
2115120937
2115120937
2116106307
2116106307
2117114709
2117114709
2117418131
2117418131
2121659035
2121659035
2122232296
2122232296
2122983833
2122983833
2126344715
2126344715
2128389588
2128389588
2128804711
2128804711
2129667857
2129667857
2133100710
2133100710
2133820176
2133820176
2134172707
2134172707
2134617816
2134617816
2143987643
2143987643
2144214448
2144214448
