1073350345
1073350345
1080415049
1080415049
1081970273
1081970273
1085164056
1085164056
1086753398
1086753398
1090035703
1090035703
1090974076
1090974076
1093867905
1093867905
1094171926
1094171926
1096306838
1096306838
1097306346
1097306346
1099740551
1099740551
1102502861
1102502861
1106926924
1106926924
1109041598
1109041598
1109622652
1109622652
1113547981
1113547981
1113792155
1113792155
1114101179
1114101179
1114325915
1114325915
1115721354
1115721354
1116651581
1116651581
1117475335
1117475335
1119053759
1119053759
1119997155
1119997155
1122900090
1122900090
1123840393
1123840393
1128349762
1128349762
1129294572
1129294572
1130465683
1130465683
1131779165
1131779165
1132569481
1132569481
1136642708
1136642708
1141674339
1141674339
1142610419
1142610419
1144589009
1144589009
1148888601
1148888601
1149665658
1149665658
1150756083
1150756083
1156095195
1156095195
1156468194
1156468194
1157856107
1157856107
1158950925
1158950925
1161359356
1161359356
1162519340
1162519340
1165034692
1165034692
1166954530
1166954530
1179541841
1179541841
1181529773
1181529773
1182407394
1182407394
1183418917
1183418917
1185978050
1185978050
1187437918
1187437918
1189237358
1189237358
1189985303
1189985303
1190471394
1190471394
1191537784
1191537784
1196123542
1196123542
1197039983
1197039983
1197393655
1197393655
1200424916
1200424916
1202667639
1202667639
1202945380
1202945380
1203949425
1203949425
1204812943
1204812943
1207506361
1207506361
1208436758
1208436758
1208454446
1208454446
1208805980
1208805980
1210544049
1210544049
1213568274
1213568274
1214799866
1214799866
1215428800
1215428800
1215660232
1215660232
1220330841
1220330841
1223208991
1223208991
1224029101
1224029101
1226664876
1226664876
1230351083
1230351083
1230807120
1230807120
1232345361
1232345361
1232645510
1232645510
1236707733
1236707733
1236849896
1236849896
1237529680
1237529680
1240198360
1240198360
1242873964
1242873964
1243197424
1243197424
1243842359
1243842359
1244058690
1244058690
1244677402
1244677402
1245128435
1245128435
1246232094
1246232094
1247276363
1247276363
1248888859
1248888859
1252217742
1252217742
1253934394
1253934394
1255763030
1255763030
1261433243
1261433243
1265908187
1265908187
1281020604
1281020604
1283974575
1283974575
1285943441
1285943441
1286072678
1286072678
1287727191
1287727191
1292448686
1292448686
1295882990
1295882990
1297542229
1297542229
1300414540
1300414540
1302625869
1302625869
1303099190
1303099190
1303578180
1303578180
1303591989
1303591989
1305588663
1305588663
1306373923
1306373923
1310714468
1310714468
1311272197
1311272197
1313682018
1313682018
1315297997
1315297997
1318074565
1318074565
1320113685
1320113685
1324575294
1324575294
1325551493
1325551493
1326952211
1326952211
1327501945
1327501945
1327635141
1327635141
1332105697
1332105697
1334487720
1334487720
1334716022
1334716022
1335008492
1335008492
1335919025
1335919025
1338054479
1338054479
1340094569
1340094569
1341294746
1341294746
1349296737
1349296737
1354362687
1354362687
1359064215
1359064215
1359110485
1359110485
1359865145
1359865145
1360344791
1360344791
1362778110
1362778110
1366807520
1366807520
1367943933
1367943933
1370533451
1370533451
1371054250
1371054250
1374914619
1374914619
1375609864
1375609864
1381236672
1381236672
1386358830
1386358830
1386392690
1386392690
1388948984
1388948984
1390291412
1390291412
1394354196
1394354196
1395222091
1395222091
1399545339
1399545339
1399877821
1399877821
1402844923
1402844923
1403581602
1403581602
1406502900
1406502900
1409442255
1409442255
1410391371
1410391371
1414677180
1414677180
1416554805
1416554805
1419340247
1419340247
1421589458
1421589458
1423875108
1423875108
1426724393
1426724393
1430171730
1430171730
1430300380
1430300380
1434119889
1434119889
1434315806
1434315806
1436171723
1436171723
1436358897
1436358897
1440401230
1440401230
1444099957
1444099957
1445615957
1445615957
1445980542
1445980542
1447564905
1447564905
1450019009
1450019009
1453336074
1453336074
1454275908
1454275908
1454879440
1454879440
1455239528
1455239528
1457782993
1457782993
1459599867
1459599867
1460034462
1460034462
1462121110
1462121110
1464411425
1464411425
1466560941
1466560941
1466619766
1466619766
1467012952
1467012952
1468773743
1468773743
1473982325
1473982325
1475019837
1475019837
1475875767
1475875767
1479465766
1479465766
1480678825
1480678825
1481242870
1481242870
1482208579
1482208579
1483476327
1483476327
1483504208
1483504208
1485197276
1485197276
1487040835
1487040835
1487911722
1487911722
1491242446
1491242446
1498891610
1498891610
1499603668
1499603668
1500251049
1500251049
1503981810
1503981810
1512493777
1512493777
1512861514
1512861514
1512961485
1512961485
1517932141
1517932141
1518098970
1518098970
1518992867
1518992867
1519881176
1519881176
1521134324
1521134324
1523667532
1523667532
1531102999
1531102999
1532806312
1532806312
1534861870
1534861870
1535955684
1535955684
1539406955
1539406955
1540816885
1540816885
1543138805
1543138805
1545051680
1545051680
1546001434
1546001434
1546297773
1546297773
1546607487
1546607487
1547415330
1547415330
1550277068
1550277068
1552774838
1552774838
1554377619
1554377619
1558969030
1558969030
1559886781
1559886781
1561124227
1561124227
1561383248
1561383248
1565005553
1565005553
1565852572
1565852572
1567852786
1567852786
1569059066
1569059066
1569788199
1569788199
1573654753
1573654753
1576228476
1576228476
1576858383
1576858383
1583179694
1583179694
1584585779
1584585779
1586936006
1586936006
1587642809
1587642809
1590478201
1590478201
1592461557
1592461557
1596534619
1596534619
1598836786
1598836786
1599763743
1599763743
1600031763
1600031763
1602949521
1602949521
1606354027
1606354027
1608019731
1608019731
1608409498
1608409498
1610370778
1610370778
1617540371
1617540371
1620130592
1620130592
1621546876
1621546876
1623602876
1623602876
1628435883
1628435883
1632925264
1632925264
1634764776
1634764776
1635538427
1635538427
1648871293
1648871293
1651350613
1651350613
1656619722
1656619722
1657140459
1657140459
1661542985
1661542985
1662877435
1662877435
1663554103
1663554103
1665552704
1665552704
1671068990
1671068990
1674439836
1674439836
1675006568
1675006568
1678097235
1678097235
1680978010
1680978010
1681935394
1681935394
1684759993
1684759993
1687598778
1687598778
1694044133
1694044133
1696286759
1696286759
1700362513
1700362513
1702689912
1702689912
1703300546
1703300546
1705300213
1705300213
1705913091
1705913091
1708404191
1708404191
1710833753
1710833753
1710938037
1710938037
1712188863
1712188863
1714751983
1714751983
1715955513
1715955513
1719269442
1719269442
1720463324
1720463324
1720525639
1720525639
1720621030
1720621030
1721208758
1721208758
1722101888
1722101888
1723460404
1723460404
1724117632
1724117632
1724608434
1724608434
1728328703
1728328703
1729015362
1729015362
1732112193
1732112193
1736747508
1736747508
1741350368
1741350368
1741882870
1741882870
1742127834
1742127834
1749216736
1749216736
1750941994
1750941994
1753506224
1753506224
1754023200
1754023200
1758996264
1758996264
1758997720
1758997720
1760674062
1760674062
1762317775
1762317775
1764786715
1764786715
1765276394
1765276394
1765686415
1765686415
1766481881
1766481881
1770627893
1770627893
1772408828
1772408828
1773280736
1773280736
1773585462
1773585462
1777102404
1777102404
1780391528
1780391528
1781736218
1781736218
1786318074
1786318074
1786398073
1786398073
1787787057
1787787057
1793316007
1793316007
1797686519
1797686519
1806457954
1806457954
1811000391
1811000391
1814504374
1814504374
1819641484
1819641484
1823325184
1823325184
1826450872
1826450872
1826556298
1826556298
1831554565
1831554565
1832637973
1832637973
1835043856
1835043856
1836560761
1836560761
1839622640
1839622640
1839779751
1839779751
1840589277
1840589277
1841055435
1841055435
1841551488
1841551488
1843856148
1843856148
1846683330
1846683330
1846799767
1846799767
1847138103
1847138103
1850214492
1850214492
1850599376
1850599376
1851318735
1851318735
1852719129
1852719129
1852838479
1852838479
1855390937
1855390937
1857104864
1857104864
1858960804
1858960804
1859830317
1859830317
1861717226
1861717226
1863258456
1863258456
1863862926
1863862926
1867142268
1867142268
1868155728
1868155728
1868545805
1868545805
1869266435
1869266435
1876432345
1876432345
1878238603
1878238603
1880430307
1880430307
1881024482
1881024482
1883918367
1883918367
1884769451
1884769451
1891719908
1891719908
1893263649
1893263649
1895037804
1895037804
1897077053
1897077053
1898320202
1898320202
1899939357
1899939357
1901182792
1901182792
1901737897
1901737897
1903466023
1903466023
1907823427
1907823427
1908268478
1908268478
1909786417
1909786417
1912222322
1912222322
1914345584
1914345584
1915272282
1915272282
1917026212
1917026212
1921269209
1921269209
1925554040
1925554040
1925681819
1925681819
1925774998
1925774998
1929875885
1929875885
1934405356
1934405356
1936116459
1936116459
1939150101
1939150101
1940492709
1940492709
1941377193
1941377193
1942161550
1942161550
1943740928
1943740928
1944017800
1944017800
1945539565
1945539565
1946710517
1946710517
1946896271
1946896271
1956995782
1956995782
1960591138
1960591138
1963299825
1963299825
1963818537
1963818537
1964574255
1964574255
1970188639
1970188639
1970609777
1970609777
1975531507
1975531507
1978780922
1978780922
1980002460
1980002460
1981256872
1981256872
1983721068
1983721068
1984057774
1984057774
1984736035
1984736035
1995349546
1995349546
1995409121
1995409121
2007068211
2007068211
2009625322
2009625322
2010201245
2010201245
2010213389
2010213389
2011952593
2011952593
2014459482
2014459482
2015213517
2015213517
2015356757
2015356757
2018635255
2018635255
2018846220
2018846220
2019976004
2019976004
2020489830
2020489830
2021227535
2021227535
2025574982
2025574982
2030975678
2030975678
2031787390
2031787390
2036585438
2036585438
2037042919
2037042919
2038835170
2038835170
2043376831
2043376831
2044025579
2044025579
2047512689
2047512689
2049053028
2049053028
2054945818
2054945818
2055364341
2055364341
2057397880
2057397880
2058820984
2058820984
2059423928
2059423928
2059540155
2059540155
2060477372
2060477372
2063287510
2063287510
2063491169
2063491169
2064901691
2064901691
2065509095
2065509095
2066454629
2066454629
2066830741
2066830741
2071405803
2071405803
2073244205
2073244205
2074229775
2074229775
2074804303
2074804303
2077297829
2077297829
2078266326
2078266326
2080226274
2080226274
2080765182
2080765182
2082522878
2082522878
2088493290
2088493290
2089067352
2089067352
2089774341
2089774341
2091714363
2091714363
2094120627
2094120627
2095758804
2095758804
2102180849
2102180849
2104502156
2104502156
2104666027
2104666027
2106438554
2106438554
2110864216
2110864216
2111296557
2111296557
2113007620
2113007620
2113073838
2113073838
2114103233
2114103233
2114321679
2114321679
2117874140
2117874140
2120308932
2120308932
2122247450
2122247450
2125290987
2125290987
2125563085
2125563085
2130351052
2130351052
2130527880
2130527880
2134513359
2134513359
2136134509
2136134509
2141815256
2141815256
2142140729
2142140729
2146381337
2146381337
