1099303918
1099303918
1102365319
1102365319
1106551824
1106551824
1106953225
1106953225
1107700197
1107700197
1109204462
1109204462
1117036021
1117036021
1118562740
1118562740
1120713060
1120713060
1123687715
1123687715
1126636521
1126636521
1128222407
1128222407
1128773683
1128773683
1128900816
1128900816
1129154015
1129154015
1130715786
1130715786
1132225316
1132225316
1134558742
1134558742
1135532417
1135532417
1139041798
1139041798
1142429543
1142429543
1144118015
1144118015
1144790136
1144790136
1145930191
1145930191
1149768296
1149768296
1151230506
1151230506
1154227504
1154227504
1154739220
1154739220
1156630364
1156630364
1162746201
1162746201
1168718766
1168718766
1171599202
1171599202
1172752627
1172752627
1172753080
1172753080
1173610468
1173610468
1174514436
1174514436
1174972906
1174972906
1176875107
1176875107
1177458948
1177458948
1183679036
1183679036
1186775495
1186775495
1191409594
1191409594
1198215949
1198215949
1200190016
1200190016
1200758315
1200758315
1202185108
1202185108
1203812205
1203812205
1206044770
1206044770
1207421036
1207421036
1207615952
1207615952
1208624575
1208624575
1212605159
1212605159
1213374027
1213374027
1214126738
1214126738
1214792131
1214792131
1216763971
1216763971
1218163006
1218163006
1218220604
1218220604
1219191602
1219191602
1221643320
1221643320
1226592465
1226592465
1227634207
1227634207
1229887377
1229887377
1232891753
1232891753
1233360137
1233360137
1235139963
1235139963
1237000726
1237000726
1240371957
1240371957
1240613169
1240613169
1242517847
1242517847
1243256529
1243256529
1243283683
1243283683
1246404050
1246404050
1249445410
1249445410
1250210215
1250210215
1253906704
1253906704
1254548325
1254548325
1255220730
1255220730
1256602822
1256602822
1261654746
1261654746
1261924226
1261924226
1264875349
1264875349
1265326738
1265326738
1265609467
1265609467
1275647670
1275647670
1276340256
1276340256
1276384803
1276384803
1277040437
1277040437
1278712021
1278712021
1281427515
1281427515
1282769300
1282769300
1283878180
1283878180
1287142740
1287142740
1288334268
1288334268
1288675769
1288675769
1298138962
1298138962
1301511730
1301511730
1301658971
1301658971
1308953093
1308953093
1309132433
1309132433
1310118099
1310118099
1318018102
1318018102
1320557641
1320557641
1320603403
1320603403
1324029542
1324029542
1329969210
1329969210
1330340208
1330340208
1333760746
1333760746
1336885386
1336885386
1338100899
1338100899
1342507144
1342507144
1343314638
1343314638
1343416780
1343416780
1345549132
1345549132
1348426461
1348426461
1350196054
1350196054
1351879869
1351879869
1352508048
1352508048
1353922006
1353922006
1354011150
1354011150
1355754423
1355754423
1366190514
1366190514
1368100023
1368100023
1368383381
1368383381
1368408157
1368408157
1368572396
1368572396
1370770336
1370770336
1373970341
1373970341
1375753446
1375753446
1376759429
1376759429
1376911932
1376911932
1379182780
1379182780
1380163712
1380163712
1381531041
1381531041
1381653799
1381653799
1381675749
1381675749
1382679606
1382679606
1383052327
1383052327
1385622809
1385622809
1386272830
1386272830
1389179195
1389179195
1389685248
1389685248
1389911984
1389911984
1390157967
1390157967
1390898660
1390898660
1391272817
1391272817
1391453223
1391453223
1392371489
1392371489
1395464608
1395464608
1397521664
1397521664
1400399738
1400399738
1403195480
1403195480
1411247520
1411247520
1411617413
1411617413
1412450829
1412450829
1417078056
1417078056
1417806299
1417806299
1424245568
1424245568
1430517230
1430517230
1430880784
1430880784
1433441122
1433441122
1434388940
1434388940
1436137976
1436137976
1442306584
1442306584
1445466286
1445466286
1446618896
1446618896
1447475269
1447475269
1448361785
1448361785
1450150750
1450150750
1450455692
1450455692
1454236932
1454236932
1454984085
1454984085
1457231347
1457231347
1459183159
1459183159
1459207811
1459207811
1459645010
1459645010
1460749930
1460749930
1465404142
1465404142
1465919498
1465919498
1472431715
1472431715
1472614967
1472614967
1473172265
1473172265
1477127836
1477127836
1480750186
1480750186
1483641862
1483641862
1485528627
1485528627
1487682254
1487682254
1487793032
1487793032
1491136537
1491136537
1496098984
1496098984
1501965340
1501965340
1506863399
1506863399
1507876804
1507876804
1509457784
1509457784
1510115855
1510115855
1515541344
1515541344
1515789642
1515789642
1522506871
1522506871
1529694825
1529694825
1530602318
1530602318
1531563127
1531563127
1532620394
1532620394
1536268102
1536268102
1539622968
1539622968
1539764924
1539764924
1539916007
1539916007
1541924064
1541924064
1543919737
1543919737
1547298435
1547298435
1548984818
1548984818
1551826342
1551826342
1556661606
1556661606
1557743771
1557743771
1561129383
1561129383
1564729589
1564729589
1565330474
1565330474
1567007195
1567007195
1568837864
1568837864
1569515143
1569515143
1570375897
1570375897
1574077080
1574077080
1574574843
1574574843
1575322640
1575322640
1575966889
1575966889
1583441880
1583441880
1584619480
1584619480
1593937419
1593937419
1594211625
1594211625
1595395503
1595395503
1599702453
1599702453
1600431475
1600431475
1601341996
1601341996
1606513751
1606513751
1610415161
1610415161
1610861878
1610861878
1611920000
1611920000
1614983708
1614983708
1618111690
1618111690
1618649601
1618649601
1622972915
1622972915
1629919334
1629919334
1631262094
1631262094
1633337558
1633337558
1635531809
1635531809
1638313347
1638313347
1638816433
1638816433
1640860842
1640860842
1642145122
1642145122
1642619355
1642619355
1642697126
1642697126
1643481189
1643481189
1643891610
1643891610
1645104535
1645104535
1652523077
1652523077
1652790694
1652790694
1661917253
1661917253
1663328432
1663328432
1663503520
1663503520
1665901786
1665901786
1669632872
1669632872
1672068245
1672068245
1675409696
1675409696
1681612826
1681612826
1682035306
1682035306
1682302837
1682302837
1687095815
1687095815
1688933255
1688933255
1690349668
1690349668
1690455622
1690455622
1692454159
1692454159
1693521901
1693521901
1694761591
1694761591
1695042332
1695042332
1698480185
1698480185
1706852146
1706852146
1708391916
1708391916
1708779503
1708779503
1710023222
1710023222
1711505785
1711505785
1715201231
1715201231
1715662804
1715662804
1715703471
1715703471
1716371771
1716371771
1718334670
1718334670
1719043994
1719043994
1723103219
1723103219
1725829768
1725829768
1727090292
1727090292
1727272142
1727272142
1729036901
1729036901
1731440168
1731440168
1733482944
1733482944
1734866096
1734866096
1735004629
1735004629
1737637398
1737637398
1742936861
1742936861
1747845611
1747845611
1749678802
1749678802
1751219891
1751219891
1751524187
1751524187
1752759754
1752759754
1754314189
1754314189
1754385996
1754385996
1755336903
1755336903
1757218696
1757218696
1758506710
1758506710
1762750263
1762750263
1764680069
1764680069
1766266480
1766266480
1767781231
1767781231
1769782879
1769782879
1773228115
1773228115
1775296518
1775296518
1778137668
1778137668
1778797127
1778797127
1779943923
1779943923
1781894183
1781894183
1784293383
1784293383
1788646822
1788646822
1790329518
1790329518
1791821134
1791821134
1793471831
1793471831
1796598249
1796598249
1796627927
1796627927
1797655004
1797655004
1798216776
1798216776
1799694598
1799694598
1800968750
1800968750
1801630759
1801630759
1801867720
1801867720
1803418794
1803418794
1804375226
1804375226
1807921919
1807921919
1812380551
1812380551
1812741729
1812741729
1812773402
1812773402
1814101821
1814101821
1814522926
1814522926
1816139405
1816139405
1816537997
1816537997
1817543325
1817543325
1819481710
1819481710
1821610636
1821610636
1822736861
1822736861
1822757208
1822757208
1827183558
1827183558
1834794061
1834794061
1835140052
1835140052
1836825392
1836825392
1837538614
1837538614
1838441302
1838441302
1838699485
1838699485
1841216380
1841216380
1841721380
1841721380
1842647775
1842647775
1845048730
1845048730
1852170145
1852170145
1854457056
1854457056
1855721512
1855721512
1855846077
1855846077
1855860656
1855860656
1859381512
1859381512
1860770457
1860770457
1860921248
1860921248
1862185076
1862185076
1863734918
1863734918
1866691498
1866691498
1867728351
1867728351
1867796988
1867796988
1868375152
1868375152
1869364735
1869364735
1869389652
1869389652
1869679894
1869679894
1870608123
1870608123
1870965292
1870965292
1873758242
1873758242
1876209977
1876209977
1877346514
1877346514
1877378561
1877378561
1878823377
1878823377
1880403303
1880403303
1881186422
1881186422
1881630137
1881630137
1881876160
1881876160
1882821356
1882821356
1883469227
1883469227
1885984357
1885984357
1892021871
1892021871
1892174329
1892174329
1892484711
1892484711
1892639451
1892639451
1893284475
1893284475
1897514895
1897514895
1897898584
1897898584
1898862601
1898862601
1902399726
1902399726
1902528300
1902528300
1902583198
1902583198
1902812634
1902812634
1904658649
1904658649
1905346140
1905346140
1909022305
1909022305
1909295395
1909295395
1912653871
1912653871
1914352982
1914352982
1915120645
1915120645
1918549408
1918549408
1919468497
1919468497
1919659437
1919659437
1922330546
1922330546
1923882906
1923882906
1923906076
1923906076
1925353894
1925353894
1926102869
1926102869
1927333278
1927333278
1934395142
1934395142
1938860344
1938860344
1941664069
1941664069
1942749743
1942749743
1943102961
1943102961
1944200583
1944200583
1946164499
1946164499
1946482055
1946482055
1947384391
1947384391
1947830677
1947830677
1952090596
1952090596
1952120852
1952120852
1959195190
1959195190
1959395736
1959395736
1959692863
1959692863
1963289321
1963289321
1964446411
1964446411
1964522081
1964522081
1966364985
1966364985
1966918391
1966918391
1967451081
1967451081
1971009842
1971009842
1971323632
1971323632
1975993479
1975993479
1980153704
1980153704
1982185641
1982185641
1982211138
1982211138
1988364863
1988364863
1988448272
1988448272
1998451942
1998451942
1998984072
1998984072
2001567301
2001567301
2001869380
2001869380
2003916510
2003916510
2005012665
2005012665
2009502544
2009502544
2014067953
2014067953
2018355861
2018355861
2021814701
2021814701
2022844995
2022844995
2030012721
2030012721
2032696334
2032696334
2034119733
2034119733
2036322765
2036322765
2038876856
2038876856
2041066947
2041066947
2041859591
2041859591
2043456083
2043456083
2043762265
2043762265
2046171864
2046171864
2051455600
2051455600
2057925549
2057925549
2065803731
2065803731
2066856119
2066856119
2069703660
2069703660
2076899522
2076899522
2078808543
2078808543
2086588998
2086588998
2090067311
2090067311
2091717356
2091717356
2092080851
2092080851
2095117501
2095117501
2097788151
2097788151
2099128438
2099128438
2099249744
2099249744
2100345806
2100345806
2103556893
2103556893
2106250391
2106250391
2106790203
2106790203
2112521504
2112521504
2113008137
2113008137
2116345812
2116345812
2116491169
2116491169
2119800198
2119800198
2120781088
2120781088
2122311313
2122311313
2127355873
2127355873
2132357944
2132357944
2133000942
2133000942
2135621931
2135621931
2136550149
2136550149
2136652185
2136652185
2136808352
2136808352
2144217094
2144217094
2146354975
2146354975
