1067741004
1067741004
1072918595
1072918595
1074146159
1074146159
1076079327
1076079327
1077322859
1077322859
1077482740
1077482740
1078154055
1078154055
1078222449
1078222449
1079070927
1079070927
1082326792
1082326792
1084634707
1084634707
1086191115
1086191115
1086828361
1086828361
1092758321
1092758321
1094521940
1094521940
1100043680
1100043680
1101643657
1101643657
1104483332
1104483332
1104872217
1104872217
1108170184
1108170184
1108827092
1108827092
1114393156
1114393156
1116811280
1116811280
1118921234
1118921234
1119160744
1119160744
1119700381
1119700381
1123296475
1123296475
1123782376
1123782376
1125463452
1125463452
1128935890
1128935890
1132616351
1132616351
1135576248
1135576248
1135702392
1135702392
1135866447
1135866447
1139533513
1139533513
1142633512
1142633512
1143808693
1143808693
1144320044
1144320044
1144429783
1144429783
1147513331
1147513331
1147844064
1147844064
1149445197
1149445197
1149711052
1149711052
1151886046
1151886046
1152345992
1152345992
1154646316
1154646316
1159406747
1159406747
1159735299
1159735299
1159827463
1159827463
1160155248
1160155248
1160400207
1160400207
1160831747
1160831747
1162098671
1162098671
1165470281
1165470281
1165678428
1165678428
1177752121
1177752121
1181953074
1181953074
1183129320
1183129320
1184574865
1184574865
1184781966
1184781966
1186681663
1186681663
1187106343
1187106343
1188590759
1188590759
1191710883
1191710883
1194627815
1194627815
1197492540
1197492540
1204397798
1204397798
1204714265
1204714265
1207283157
1207283157
1211542573
1211542573
1212907425
1212907425
1214869814
1214869814
1216358602
1216358602
1218935342
1218935342
1221311091
1221311091
1221610436
1221610436
1223018646
1223018646
1223500488
1223500488
1225838222
1225838222
1226993677
1226993677
1227353421
1227353421
1229224185
1229224185
1234063195
1234063195
1236802325
1236802325
1241166310
1241166310
1242564630
1242564630
1244262946
1244262946
1244313549
1244313549
1256258321
1256258321
1257053062
1257053062
1259567049
1259567049
1260768432
1260768432
1263517984
1263517984
1265027742
1265027742
1268020999
1268020999
1271317433
1271317433
1273893060
1273893060
1279454199
1279454199
1279824853
1279824853
1280828421
1280828421
1282621996
1282621996
1282972370
1282972370
1283802173
1283802173
1286169462
1286169462
1290862180
1290862180
1293393535
1293393535
1298940169
1298940169
1300702600
1300702600
1302397376
1302397376
1305062810
1305062810
1308448024
1308448024
1310340338
1310340338
1310992611
1310992611
1313664493
1313664493
1314560526
1314560526
1317166518
1317166518
1318032307
1318032307
1318266885
1318266885
1322181473
1322181473
1322571750
1322571750
1327150778
1327150778
1327537403
1327537403
1331132822
1331132822
1332922799
1332922799
1335882331
1335882331
1340094378
1340094378
1340411543
1340411543
1340792974
1340792974
1341355366
1341355366
1342215783
1342215783
1342800826
1342800826
1343389410
1343389410
1350515345
1350515345
1351559892
1351559892
1352347456
1352347456
1357359053
1357359053
1365003298
1365003298
1366823754
1366823754
1371145249
1371145249
1371532449
1371532449
1372648999
1372648999
1372897859
1372897859
1376325806
1376325806
1376764253
1376764253
1379409864
1379409864
1380033120
1380033120
1382102647
1382102647
1382141301
1382141301
1383407771
1383407771
1383646611
1383646611
1387644879
1387644879
1387817160
1387817160
1393161114
1393161114
1398313934
1398313934
1399851265
1399851265
1403696144
1403696144
1406757168
1406757168
1406814502
1406814502
1408520610
1408520610
1409211286
1409211286
1411018094
1411018094
1411061237
1411061237
1412413937
1412413937
1412505415
1412505415
1412822950
1412822950
1415575571
1415575571
1417905224
1417905224
1418590190
1418590190
1419216287
1419216287
1421539466
1421539466
1421661556
1421661556
1424868268
1424868268
1426149744
1426149744
1430142955
1430142955
1431254333
1431254333
1432156382
1432156382
1435062952
1435062952
1443483021
1443483021
1444826178
1444826178
1451119011
1451119011
1451365416
1451365416
1453704126
1453704126
1456853255
1456853255
1460466104
1460466104
1460954632
1460954632
1461875683
1461875683
1467218463
1467218463
1469198033
1469198033
1475110324
1475110324
1476617421
1476617421
1479000658
1479000658
1480665558
1480665558
1482494198
1482494198
1487851527
1487851527
1489956655
1489956655
1491443704
1491443704
1493613463
1493613463
1494253180
1494253180
1498191512
1498191512
1500251173
1500251173
1505252721
1505252721
1505381635
1505381635
1509455071
1509455071
1509806008
1509806008
1513443320
1513443320
1517021338
1517021338
1517039070
1517039070
1517938135
1517938135
1517944035
1517944035
1523383808
1523383808
1523798104
1523798104
1528883873
1528883873
1529392418
1529392418
1530451004
1530451004
1530988758
1530988758
1535723155
1535723155
1537022689
1537022689
1540421109
1540421109
1541362849
1541362849
1541635951
1541635951
1546697317
1546697317
1548233874
1548233874
1549106473
1549106473
1550229592
1550229592
1550551798
1550551798
1555845161
1555845161
1557186157
1557186157
1559985319
1559985319
1563286224
1563286224
1564322134
1564322134
1566164801
1566164801
1569083725
1569083725
1570310387
1570310387
1570628950
1570628950
1572823495
1572823495
1577592198
1577592198
1578051003
1578051003
1580661452
1580661452
1586969041
1586969041
1588319375
1588319375
1590124063
1590124063
1591230995
1591230995
1593268418
1593268418
1593565095
1593565095
1595848552
1595848552
1596031198
1596031198
1602482964
1602482964
1602500281
1602500281
1603314006
1603314006
1606012945
1606012945
1606406222
1606406222
1607141131
1607141131
1612917459
1612917459
1613343528
1613343528
1614229400
1614229400
1615188189
1615188189
1615968315
1615968315
1616080538
1616080538
1616431024
1616431024
1616749290
1616749290
1620911828
1620911828
1625799926
1625799926
1625998412
1625998412
1628694358
1628694358
1632188884
1632188884
1637289365
1637289365
1638663501
1638663501
1641085419
1641085419
1643465728
1643465728
1645972602
1645972602
1647061270
1647061270
1647753992
1647753992
1652432493
1652432493
1655099592
1655099592
1656778843
1656778843
1658042688
1658042688
1658120667
1658120667
1658123043
1658123043
1661555962
1661555962
1662447379
1662447379
1663262829
1663262829
1667507229
1667507229
1669370197
1669370197
1670092831
1670092831
1671296067
1671296067
1671458884
1671458884
1671687543
1671687543
1672672616
1672672616
1682538584
1682538584
1684860135
1684860135
1689832986
1689832986
1696168104
1696168104
1700937992
1700937992
1700964971
1700964971
1702224210
1702224210
1705893610
1705893610
1706570863
1706570863
1708915795
1708915795
1711052666
1711052666
1711380693
1711380693
1714015738
1714015738
1720026729
1720026729
1722737866
1722737866
1722775594
1722775594
1723343910
1723343910
1724399774
1724399774
1735823192
1735823192
1739079402
1739079402
1742717222
1742717222
1745414887
1745414887
1746058784
1746058784
1747808742
1747808742
1749276279
1749276279
1749723685
1749723685
1749869225
1749869225
1758499933
1758499933
1759214119
1759214119
1760887200
1760887200
1761088566
1761088566
1761212468
1761212468
1762562457
1762562457
1762813997
1762813997
1763257629
1763257629
1767768259
1767768259
1769059140
1769059140
1773768877
1773768877
1774519372
1774519372
1776658108
1776658108
1778433640
1778433640
1778798486
1778798486
1781553222
1781553222
1784530648
1784530648
1786086126
1786086126
1786141641
1786141641
1789369052
1789369052
1790338332
1790338332
1793800594
1793800594
1797815205
1797815205
1798355843
1798355843
1799637192
1799637192
1801159018
1801159018
1803510283
1803510283
1808011291
1808011291
1810737464
1810737464
1812273036
1812273036
1813703650
1813703650
1815044575
1815044575
1815371703
1815371703
1816284253
1816284253
1819536235
1819536235
1823407504
1823407504
1825788897
1825788897
1828694778
1828694778
1831666021
1831666021
1832472321
1832472321
1832946288
1832946288
1837255019
1837255019
1843793109
1843793109
1844707861
1844707861
1845250328
1845250328
1847936273
1847936273
1848910816
1848910816
1860856370
1860856370
1860900497
1860900497
1861457651
1861457651
1862894990
1862894990
1865424082
1865424082
1866920888
1866920888
1868092810
1868092810
1871737374
1871737374
1873740941
1873740941
1878778310
1878778310
1879076939
1879076939
1885995669
1885995669
1889419824
1889419824
1891256643
1891256643
1892130848
1892130848
1895257817
1895257817
1895442882
1895442882
1900698048
1900698048
1900744515
1900744515
1902799845
1902799845
1902985288
1902985288
1903571446
1903571446
1905912770
1905912770
1906587805
1906587805
1906752285
1906752285
1907071072
1907071072
1912653825
1912653825
1915478978
1915478978
1916082992
1916082992
1919845456
1919845456
1923575257
1923575257
1927571630
1927571630
1928715613
1928715613
1930409521
1930409521
1932490067
1932490067
1933668440
1933668440
1933850997
1933850997
1933869242
1933869242
1935042061
1935042061
1935784180
1935784180
1937529002
1937529002
1938193451
1938193451
1943535176
1943535176
1948150759
1948150759
1949108648
1949108648
1950213110
1950213110
1951065418
1951065418
1953593454
1953593454
1957484540
1957484540
1959250169
1959250169
1964971023
1964971023
1965017913
1965017913
1965859420
1965859420
1967133348
1967133348
1968498011
1968498011
1968859966
1968859966
1968989086
1968989086
1969771144
1969771144
1977503244
1977503244
1978462330
1978462330
1979933061
1979933061
1981959319
1981959319
1988957518
1988957518
1990576832
1990576832
1994028858
1994028858
2000629879
2000629879
2001216128
2001216128
2001774168
2001774168
2001851333
2001851333
2003175101
2003175101
2004193944
2004193944
2008248853
2008248853
2009148580
2009148580
2010261142
2010261142
2015242969
2015242969
2016167651
2016167651
2016801182
2016801182
2021608156
2021608156
2023374198
2023374198
2025123558
2025123558
2026469709
2026469709
2027585027
2027585027
2027654772
2027654772
2030548674
2030548674
2032396059
2032396059
2036768802
2036768802
2037362211
2037362211
2040186272
2040186272
2045772694
2045772694
2045908783
2045908783
2046963653
2046963653
2050317360
2050317360
2050552440
2050552440
2053795943
2053795943
2053904898
2053904898
2060413880
2060413880
2060588315
2060588315
2065097112
2065097112
2066317590
2066317590
2068491855
2068491855
2068600755
2068600755
2069654319
2069654319
2069809529
2069809529
2071722683
2071722683
2078739855
2078739855
2082297176
2082297176
2084077613
2084077613
2085109216
2085109216
2086153667
2086153667
2088179353
2088179353
2089306101
2089306101
2089607758
2089607758
2090049036
2090049036
2090816012
2090816012
2090977534
2090977534
2094676770
2094676770
2094742194
2094742194
2105423371
2105423371
2108589988
2108589988
2114754405
2114754405
2116161004
2116161004
2117643335
2117643335
2120168987
2120168987
2124031487
2124031487
2124794583
2124794583
2127857766
2127857766
2129716863
2129716863
2129945857
2129945857
2131590764
2131590764
2131862689
2131862689
2132781642
2132781642
2133247859
2133247859
2137042477
2137042477
2140217829
2140217829
2141416848
2141416848
2142661083
2142661083
2145909759
2145909759
2147108737
2147108737
