1002258085
1002258085
1037691648
1037691648
1095456564
1095456564
1097648104
1097648104
1125916415
1125916415
1132372726
1132372726
1153813866
1153813866
1160525760
1160525760
1187213727
1187213727
1247123668
1247123668
1267051870
1267051870
1273480393
1273480393
1277233220
1277233220
1286451888
1286451888
1322535887
1322535887
1330589959
1330589959
1333606476
1333606476
1351435433
1351435433
1374504501
1374504501
1376125829
1376125829
1398139620
1398139620
1415164058
1415164058
1420088960
1420088960
1524766239
1524766239
1569755271
1569755271
1572097319
1572097319
1595583275
1595583275
1651461440
1651461440
1654857142
1654857142
1675818316
1675818316
1709182835
1709182835
1717567428
1717567428
1735486823
1735486823
1738929059
1738929059
1787995901
1787995901
1793962035
1793962035
1808736460
1808736460
1823478008
1823478008
1842673246
1842673246
1860257537
1860257537
1864947150
1864947150
1911723141
1911723141
1933626281
1933626281
1968799916
1968799916
1970746610
1970746610
1988123382
1988123382
2000391254
2000391254
2020405132
2020405132
2048365453
2048365453
2139615347
2139615347
