1180141138
1180141138
1226129770
1226129770
1281647423
1281647423
1306736809
1306736809
1314707561
1314707561
1362906432
1362906432
1365612147
1365612147
1383555997
1383555997
1405158028
1405158028
1437315403
1437315403
1490210482
1490210482
1491353691
1491353691
1492763051
1492763051
1498044058
1498044058
1505925249
1505925249
1538690609
1538690609
1553824403
1553824403
1581989206
1581989206
1597281316
1597281316
1611233561
1611233561
1630430212
1630430212
1635448387
1635448387
1665669922
1665669922
1678969449
1678969449
1687930983
1687930983
1689229208
1689229208
1691219631
1691219631
1716235017
1716235017
1731834262
1731834262
1735491581
1735491581
1753855770
1753855770
1765561857
1765561857
1788571276
1788571276
1795212667
1795212667
1810814080
1810814080
1820411372
1820411372
1851616466
1851616466
1871567250
1871567250
1880570847
1880570847
1925549092
1925549092
1952320186
1952320186
2000613643
2000613643
2019775266
2019775266
2021425698
2021425698
2049791598
2049791598
2052498316
2052498316
2064933952
2064933952
2073176865
2073176865
2078767448
2078767448
2133016463
2133016463
