1027706845
1027706845
1051119476
1051119476
1076086848
1076086848
1098299874
1098299874
1098367609
1098367609
1126120237
1126120237
1193627600
1193627600
1237530578
1237530578
1248437149
1248437149
1264255601
1264255601
1265841464
1265841464
1400117967
1400117967
1402958816
1402958816
1430825025
1430825025
1447907015
1447907015
1476331076
1476331076
1524367893
1524367893
1534201316
1534201316
1543177385
1543177385
1584872427
1584872427
1595526370
1595526370
1608641493
1608641493
1632603168
1632603168
1667407551
1667407551
1668089230
1668089230
1676976151
1676976151
1687549074
1687549074
1728197833
1728197833
1731014564
1731014564
1760768355
1760768355
1771371143
1771371143
1793277386
1793277386
1795640818
1795640818
1811550255
1811550255
1817954064
1817954064
1841955497
1841955497
1887034716
1887034716
1922484124
1922484124
1933307485
1933307485
1942121346
1942121346
1945666032
1945666032
1954057278
1954057278
1971994830
1971994830
1973170193
1973170193
2000477467
2000477467
2044817012
2044817012
2046997711
2046997711
2049531092
2049531092
2058203083
2058203083
2138513281
2138513281
