848118835
848118835
861166247
861166247
906606945
906606945
917746967
917746967
923388595
923388595
953808985
953808985
1034433491
1034433491
1046395281
1046395281
1055654001
1055654001
1072232885
1072232885
1080064794
1080064794
1091213853
1091213853
1091479123
1091479123
1123292385
1123292385
1162208380
1162208380
1209666614
1209666614
1215408431
1215408431
1235061363
1235061363
1415108328
1415108328
1446756012
1446756012
1468152781
1468152781
1507448463
1507448463
1531576824
1531576824
1557261816
1557261816
1570311068
1570311068
1582236211
1582236211
1590571120
1590571120
1597985941
1597985941
1636118668
1636118668
1647754585
1647754585
1663931833
1663931833
1699102747
1699102747
1712526401
1712526401
1772644108
1772644108
1779286684
1779286684
1791744283
1791744283
1808692730
1808692730
1812480443
1812480443
1861160595
1861160595
1896299659
1896299659
1968308873
1968308873
1975311092
1975311092
1981240785
1981240785
2005978552
2005978552
2029946323
2029946323
2069739143
2069739143
2071207850
2071207850
2084727225
2084727225
2102835575
2102835575
2117332797
2117332797
