1043525895
1043525895
1075358191
1075358191
1100006099
1100006099
1120550295
1120550295
1131405173
1131405173
1136333725
1136333725
1145984136
1145984136
1147979044
1147979044
1178345521
1178345521
1182423208
1182423208
1198123204
1198123204
1212444024
1212444024
1213899935
1213899935
1219434142
1219434142
1241139139
1241139139
1321073437
1321073437
1340647623
1340647623
1362645259
1362645259
1407950486
1407950486
1411156495
1411156495
1423616608
1423616608
1509488367
1509488367
1510618087
1510618087
1544388097
1544388097
1551435017
1551435017
1572687856
1572687856
1581191251
1581191251
1636414568
1636414568
1696523423
1696523423
1736350724
1736350724
1750353893
1750353893
1755200458
1755200458
1774627186
1774627186
1806664851
1806664851
1814908439
1814908439
1866019660
1866019660
1892177721
1892177721
1914721162
1914721162
1923245134
1923245134
1934528169
1934528169
1948845734
1948845734
1980751865
1980751865
1988398881
1988398881
1997295550
1997295550
2017569845
2017569845
2017947460
2017947460
2046008733
2046008733
2053389282
2053389282
2066222613
2066222613
2095885144
2095885144
