1093459841
1113571680
1113571680
1124446283
1124446283
1155390983
1155390983
1182752791
1182752791
1193687812
1193687812
1196703442
1196703442
1197261319
1197261319
1215324789
1215324789
1237894165
1237894165
1274097729
1274097729
1289623059
1289623059
1289965999
1289965999
1316589989
1316589989
1336315082
1336315082
1348011517
1348011517
1361241634
1361241634
1363193622
1363193622
1395316606
1395316606
1503409436
1503409436
1538498079
1538498079
1547031093
1547031093
1577382925
1577382925
1579941514
1579941514
1581051074
1581051074
1582052729
1582052729
1606854072
1606854072
1658242704
1658242704
1682457986
1682457986
1724611573
1724611573
1740948826
1740948826
1746721093
1746721093
1766288044
1766288044
1779674164
1779674164
1792903352
1792903352
1836059959
1836059959
1849346465
1849346465
1854953542
1854953542
1876891953
1876891953
1883995261
1883995261
1895146489
1895146489
1956703197
1956703197
1997967449
1997967449
2032394955
2032394955
2035884064
2035884064
2040872796
2040872796
2041347780
2041347780
2052944297
2052944297
2083737053
2083737053
2093963275
2093963275
2114929155
2114929155
2124945024
2124945024
