49015
49212
49212
49255
49255
50025
50025
50485
50485
51824
51824
51924
51924
51956
51956
52282
52282
52309
52309
52422
52422
53673
53673
55543
55543
56911
56911
57019
57019
57029
57029
57098
57098
57502
57502
58528
58528
60392
60392
62087
62087
64557
64557
64726
64726
66142
66142
67383
67383
67914
67914
68105
68105
70009
70009
70726
70726
71938
71938
72642
72642
74712
74712
74796
74796
75871
75871
76571
76571
76736
76736
78133
78133
78434
78434
79035
79035
79545
79545
81500
81500
82702
82702
82960
82960
84120
84120
84204
84204
84839
84839
84858
84858
86820
86820
87158
87158
87712
87712
88811
88811
90485
90485
90486
90486
90488
90488
92134
92134
92319
92319
93333
93333
95023
95023
95919
95919
95935
95935
96082
96082
97933
97933
97976
97976
98197
98197
98504
98504
98586
98586
98750
98750
98830
98830
98966
98966
99072
99072
99191
99191
99255
99255
